runs_id,service_id,start_trip_id,start_stop_id,end_trip_id,end_stop_id,run_number,piece_number
1-1,1,418,1921407,432,1892303,101,1
2-1,1,122,2010399,153,2010399,102,1
3-1,1,402,1921407,417,1921407,103,1
4-1,1,539,2010399,554,2010399,104,1
5-1,1,514,2026554,524,2026554,105,1
6-1,1,1,1921407,15,2010400,106,1
7-1,1,93,1921828,121,2010399,107,1
8-1,1,611,1891640,625,1891781,108,1
9-1,1,462,2026554,469,2027091,109 A,1
9-1,1,74,1891640,77,1892346,109 B,2
10-1,1,31,1892303,48,1892303,110 A,1
10-1,1,244,1892303,255,1892303,110 B,2
11-1,1,307,1892303,324,1892303,111 A,1
11-1,1,534,2026554,538,2026554,111 B,2
12-1,1,686,1892303,689,1892303,112 A,1
12-1,1,559,2010399,568,2010399,112 B,2
13-1,1,733,1892303,735,2010400,113,1
14-1,1,154,1892303,175,1892303,114 A,1
14-1,1,555,2010399,558,2010399,114 B,2
15-1,1,78,1891640,85,1892346,115 A,1
15-1,1,325,1892303,337,1891640,115 B,2
16-1,1,300,1891640,306,1892303,116 A,1
16-1,1,505,2027091,513,2027091,116 B,2
17-1,1,729,1892303,730,1892303,117 A,1
17-1,1,450,1921407,461,1921407,117 B,2
18-1,1,497,2027091,500,2026554,118,1
19-1,1,236,1892303,243,1892303,119 A,1
19-1,1,192,1892303,213,1892303,119 B,2
20-1,1,721,1892303,728,1892303,120 A,1
20-1,1,731,1892303,732,1892303,120 B,2
21-1,1,214,1892303,227,1892303,121 A,1
21-1,1,707,1892303,711,2010400,121 B,2
22-1,1,678,1892303,685,1892303,122 A,1
22-1,1,16,2010399,18,1921407,122 B,2
23-1,1,293,1892303,299,1891640,123 A,1
23-1,1,19,1921407,30,1921407,123 B,2
24-1,1,228,1892303,235,1892303,124 A,1
24-1,1,525,2026554,533,2026554,124 B,2
25-1,1,736,2010400,741,2010400,125,1
26-1,1,63,1891640,69,1892346,126 A,1
26-1,1,470,2027091,475,2026554,126 B,2
27-1,1,700,2010400,706,1892303,127 A,1
27-1,1,712,2010400,713,2010400,127 B,2
28-1,1,597,1891640,606,1891640,128 A,1
28-1,1,501,2026554,504,2027091,128 B,2
30-1,1,435,1892303,449,1921407,130,1
31-1,1,488,2027091,496,2027091,131 A,1
31-1,1,476,2026554,479,2027091,131 B,2
32-1,1,607,1891640,610,1891640,132 A,1
32-1,1,693,2010400,699,1892303,132 B,2
33-1,1,176,1892303,183,1892303,133 A,1
33-1,1,480,2027091,487,2026554,133 B,2
34-1,1,184,1892303,191,1892303,134 A,1
34-1,1,714,2010400,720,1892303,134 B,2
38-1,1,274,1891640,292,1892303,138 A,1
38-1,1,690,1892303,692,2010400,138 B,2
39-1,1,433,1892303,441,1921407,139 A,1
39-1,1,70,1891640,73,1891640,139 B,2
41-1,1,577,2010399,582,2010399,141,1
42-1,1,49,1892303,62,1892303,142,1
43-1,1,640,2010399,651,2010399,143,1
44-1,1,256,1892303,273,1892303,144,1
45-1,1,86,1891640,92,1891640,145,1
60-1,1,3745,1892303,3771,1891640,160 A,1
60-1,1,3779,1892303,3785,1891640,160 B,2
61-1,1,3809,1921407,3816,1921407,161 A,1
61-1,1,3817,1921407,3834,1921407,161 B,2
62-1,1,3772,1891640,3778,1892303,162 A,1
62-1,1,3786,1891640,3808,1892303,162 B,2
1-4,2,3040,2027091,3050,2027091,201,1
2-4,2,2716,1921828,2744,2010399,202,1
3-4,2,2931,1891781,2945,2010399,203,1
4-4,2,3016,2026554,3027,2027091,204,1
5-4,2,2688,1921407,2703,1921407,205,1
6-4,2,2959,1921407,2974,1921407,206,1
7-4,2,3074,2027091,3085,2026554,207,1
8-4,2,3051,2027091,3062,2026554,208,1
9-4,2,2903,1891640,2918,1891640,209,1
10-4,2,2773,1891640,2781,1892346,210 A,1
10-4,2,2851,1892303,2854,1892303,210 B,2
11-4,2,2846,2010400,2850,1892303,211 A,1
11-4,2,2745,2010399,2758,2010399,211 B,2
12-4,2,3086,1892303,3101,1892303,212 A,1
12-4,2,2889,1892303,2892,1892303,212 B,2
13-4,2,3220,1891640,3240,1892303,213 A,1
13-4,2,3134,1892303,3143,1892303,213 B,2
14-4,2,3166,1892303,3173,1892303,214 A,1
14-4,2,3005,1921407,3015,1892303,214 B,2
15-4,2,3182,1892303,3197,1892303,215,1
16-4,2,2997,1921407,3000,1921407,216 A,1
16-4,2,2790,1891640,2800,1891640,216 B,2
17-4,2,3198,1891640,3219,1891640,217 A,1
17-4,2,3001,1921407,3004,1921407,217 B,2
18-4,2,2871,2010400,2874,2010400,218 A,1
18-4,2,3241,1892303,3257,1891640,218 B,2
19-4,2,3160,1892303,3165,1892303,219 A,1
19-4,2,2919,1891640,2930,1891640,219 B,2
20-4,2,2843,1892303,2845,2010400,220 A,1
20-4,2,3102,1892303,3121,1892303,220 B,2
21-4,2,2782,1891640,2789,1892346,221 A,1
21-4,2,2952,2010399,2958,1891781,221 B,2
22-4,2,2869,2010400,2870,2010400,222 A,1
22-4,2,2975,1921407,2986,1921407,222 B,2
23-4,2,3070,2026554,3073,2027091,223 A,1
23-4,2,2855,1892303,2862,1892303,223 B,2
24-4,2,2893,1892303,2895,2010400,224,1
25-4,2,2987,1925399,2996,1921407,225 A,1
25-4,2,3174,1892303,3181,1892303,225 B,2
26-4,2,3144,1892303,3159,1892303,226 A,1
26-4,2,2946,2010399,2951,2010399,226 B,2
27-4,2,2863,2010400,2868,2010400,227 A,1
27-4,2,3028,2027091,3032,2027091,227 B,2
28-4,2,3063,2026554,3069,2026554,228 A,1
28-4,2,2704,1921407,2709,1921407,228 B,2
29-4,2,2883,1892303,2888,1892303,229 A,1
29-4,2,3122,1892303,3133,1892303,229 B,2
30-4,2,2875,2010400,2882,2010400,230,1
32-4,2,3033,2027091,3039,2027091,232,1
33-4,2,2759,2010399,2772,2010399,233,1
34-4,2,2710,1921407,2715,1921407,234,1
35-4,2,2896,2010400,2902,1892303,235,1
1-5,3,3553,1921407,3567,1892303,301,1
2-5,3,3314,1921407,3329,1921407,302,1
3-5,3,3688,2026554,3699,2027091,303,1
4-5,3,3526,2010399,3533,2010399,304 A,1
4-5,3,3673,1892303,3687,1891640,304 B,2
5-5,3,3479,1892303,3483,2010400,305,1
6-5,3,3543,1925399,3552,1921407,306 A,1
6-5,3,3471,2010400,3473,1892303,306 B,2
7-5,3,3640,1891640,3652,1892303,307 A,1
7-5,3,3396,1891640,3403,1892346,307 B,2
8-5,3,3519,1891781,3525,2010399,308 A,1
8-5,3,3659,1892303,3672,1892303,308 B,2
9-5,3,3592,1892303,3603,1892303,309 A,1
9-5,3,3576,1921407,3583,1921407,309 B,2
10-5,3,3393,1891640,3395,1892346,310 A,1
10-5,3,3507,1891640,3518,1891640,310 B,2
11-5,3,3338,1921828,3348,2010399,311 A,1
11-5,3,3452,2010400,3457,2010400,311 B,2
12-5,3,3712,2027091,3717,2026554,312 A,1
12-5,3,3330,1921407,3337,1921407,312 B,2
13-5,3,3707,2027091,3711,2027091,313 A,1
13-5,3,3484,2010400,3489,2010400,313 B,2
14-5,3,3653,1892303,3658,1892303,314 A,1
14-5,3,3736,2026554,3744,2026554,314 B,2
15-5,3,3467,2010400,3470,2010400,315 A,1
15-5,3,3534,2010399,3542,1891781,315 B,2
16-5,3,3349,2010399,3364,2010399,316 A,1
16-5,3,3584,1921407,3591,1921407,316 B,2
17-5,3,3463,2010400,3466,2010400,317 A,1
17-5,3,3612,1892303,3627,1892303,317 B,2
18-5,3,3604,1892303,3611,1892303,318 A,1
18-5,3,3365,2010399,3386,2010399,318 B,2
19-5,3,3718,2026554,3726,2026554,319,1
20-5,3,3727,2026554,3735,2026554,320 A,1
20-5,3,3458,2010400,3459,2010400,320 B,2
21-5,3,3495,1891640,3506,1891640,321 A,1
21-5,3,3474,1892303,3475,1892303,321 B,2
22-5,3,3568,1921407,3575,1921407,322 A,1
22-5,3,3490,2010400,3494,1892303,322 B,2
23-5,3,3700,2027091,3706,2027091,323,1
24-5,3,3447,1892303,3451,2010400,324,1
25-5,3,3404,1891640,3410,1891640,325,1
27-5,3,3387,1891640,3392,1891640,327,1
29-5,3,3628,1892303,3639,1892303,329,1
30-5,3,3476,1892303,3478,2010400,330,1
31-5,3,3460,2010400,3462,1892303,331,1